./res/E.coli: 
1.99982
1.98142
1.96323
./res/alice29.txt: 
4.56771
3.41861
2.48516
./res/asyoulik.txt: 
4.80812
3.41766
2.53819
./res/bible.txt: 
4.34275
3.2691
2.47862
./res/cp.html: 
5.22914
3.46731
1.73758
./res/fields.c: 
5.00717
2.95032
1.47026
./res/grammar.lsp: 
4.63001
2.80534
1.28101
./res/kennedy.xls: 
3.57347
2.77731
1.71153
./res/lcet10.txt: 
4.66911
3.49702
2.6123
./res/plrabn12.txt: 
4.53136
3.36606
2.71691
./res/ptt5: 
1.21018
0.823654
0.705197
./res/sum: 
5.32868
3.29807
1.92952
./res/world192.txt: 
4.9983
3.66047
2.77065
./res/xargs.1: 
4.89825
3.19519
1.55089
